im_shape:	lod: {}
	dim: 1, 3
	layout: NCHW
	dtype: float
	data: [1440 2560 1]

im_id:	lod: {}
	dim: 1, 1
	layout: NCHW
	dtype: int
	data: [0]

im_info:	lod: {}
	dim: 1, 3
	layout: NCHW
	dtype: float
	data: [750 1333 0.520703]

image:[[[[ 0.44292775  0.44672397  0.5086427  ...  0.35451928  0.34317726
     0.2809223 ]
   [ 0.43368447  0.4507615   0.47853902 ...  0.28880617  0.27703136
     0.26566666]
   [ 0.441566    0.467934    0.44565126 ...  0.29503685  0.30090374
     0.31030405]
   ...
   [-1.3034348  -1.1425444  -1.3133581  ... -1.3354357  -1.7882428
    -1.8126986 ]
   [-1.3445995  -0.7961431  -1.2638613  ... -0.8900239  -1.7546866
    -1.7728797 ]
   [-1.0696917  -0.8127348  -1.2470348  ... -0.18587576 -1.6527815
    -1.9483079 ]]

  [[ 1.68522     1.689101    1.7524017  ...  1.5248101   1.5132148
     1.4495703 ]
   [ 1.6757704   1.6932286   1.721626   ...  1.4576302   1.4455925
     1.433974  ]
   [ 1.6838279   1.7107844   1.6880043  ...  1.4639997   1.4699976
     1.4796078 ]
   ...
   [-0.9260433  -0.8120223  -0.97017187 ... -0.93816125 -1.4010758
    -1.4435842 ]
   [-1.0175575  -0.4743659  -0.95252407 ... -0.48280716 -1.3667703
    -1.4028765 ]
   [-0.75402045 -0.4913279  -0.9353221  ...  0.23705862 -1.2625905
    -1.5822208 ]]

  [[ 2.6399999   2.6399999   2.6399999  ...  2.5071397   2.495596
     2.4322343 ]
   [ 2.6399999   2.6399999   2.6399999  ...  2.4402585   2.4282744
     2.4167075 ]
   [ 2.6399999   2.6399999   2.6399999  ...  2.4466      2.452571
     2.4621384 ]
   ...
   [-0.89040095 -0.762534   -0.96919185 ... -0.8860615  -1.3469185
    -1.389238  ]
   [-0.96510476 -0.4591857  -0.9352188  ... -0.43273103 -1.3127655
    -1.3487111 ]
   [-0.7375974  -0.47607234 -0.9180932  ...  0.28393525 -1.2090487
    -1.5272584 ]]]]
